1002928 1 1 1
The_Shawshank_Redempte 9.800000 142.000000 28.000000
25 5 2015 10 30 12 52
1002974 1 7 3
The_Shawshank_Redempte 9.800000 142.000000 28.000000
25 5 2015 10 30 12 52
1032686 1 4 3
The_Shawshank_Redempte 9.800000 142.000000 28.000000
25 5 2015 10 30 12 52
1005226 1 10 3
The_Shawshank_Redempte 9.800000 142.000000 28.000000
25 5 2015 10 30 12 52
1005840 1 13 1
The_Shawshank_Redempte 9.800000 142.000000 28.000000
25 5 2015 10 30 12 52
1006588 1 7 6
The_Shawshank_Redempte 9.800000 142.000000 28.000000
25 5 2015 10 30 12 52
1021274 1 1 7
The_Shawshank_Redempte 9.800000 142.000000 28.000000
25 5 2015 10 30 12 52
1004667 1 2 7
The_Shawshank_Redempte 9.800000 142.000000 28.000000
25 5 2015 10 30 12 52
1008242 1 4 7
The_Shawshank_Redempte 9.800000 142.000000 28.000000
25 5 2015 10 30 12 52
1016301 2 2 5
The_Shawshank_Redempte 9.800000 142.000000 28.000000
25 5 2015 13 0 15 22
1024293 1 5 7
The_Shawshank_Redempte 9.800000 142.000000 28.000000
25 5 2015 10 30 12 52
1027722 1 2 1
The_Shawshank_Redempte 9.800000 142.000000 28.000000
25 5 2015 10 30 12 52
1027973 2 1 2
The_Shawshank_Redempte 9.800000 142.000000 28.000000
25 5 2015 13 0 15 22
1028297 1 4 1
The_Shawshank_Redempte 9.800000 142.000000 28.000000
25 5 2015 10 30 12 52
